[属性描述]
投影类型=高斯克吕格
坐标系=2000国家大地坐标系
分带=
带号=
[地块坐标]
19,42.9465,0000NaN,2011-44,面,,增减挂钩项目,建设用地,@
1,1,3321844.389,38560359.01
2,1,3321896.726,38560309.12
3,1,3321996.558,38560368.84
4,1,3321983.894,38560392.41
5,1,3321997.256,38560408.4
6,1,3321997.65,38560424.65
7,1,3322011.722,38560429.8
8,1,3322020.557,38560456.11
9,1,3322031.417,38560488.46
10,1,3321932.105,38560518.63
11,1,3321921.89,38560520.71
12,1,3321872.69,38560520.708
13,1,3321870.2,38560521.4
14,1,3321867.026,38560480.54
15,1,3321834.553,38560483.45
16,1,3321828.59,38560412.71
17,1,3321839.989,38560408.21
18,1,3321844.389,38560393.21
19,1,3321844.389,38560359.01
15,21.7245,0000NaN,2011-40-1,面,,增减挂钩项目,建设用地,@
1,1,3335755.223,38579571.549
2,1,3335800.608,38579603.924
3,1,3335795.37,38579620.634
4,1,3335796.045,38579632.394
5,1,3335802.429,38579642.344
6,1,3335811.437,38579649.064
7,1,3335820.077,38579655.224
8,1,3335830.919,38579661.154
9,1,3335806.947,38579732.665
10,1,3335795.94,38579770.635
11,1,3335687.706,38579672.885
12,1,3335710.655,38579637.195
13,1,3335711.668,38579638.054
14,1,3335712.58,38579638.891
15,1,3335755.223,38579571.549
15,100.1715,0000NaN,2010-29,面,,增减挂钩项目,建设用地,@
1,1,3315979.643,38583950.188
2,1,3315954.846,38584239.709
3,1,3315950.658,38584240.569
4,1,3315947.239,38584240.019
5,1,3315940.191,38584238.059
6,1,3315883.098,38584213.809
7,1,3315867.793,38584207.229
8,1,3315822.826,38584187.759
9,1,3315780.132,38584167.669
10,1,3315806.017,38583850.838
11,1,3315828.574,38583850.478
12,1,3315836.524,38583841.108
13,1,3315839.137,38583829.708
14,1,3315987.354,38583841.818
15,1,3315979.643,38583950.188
44,26.049,0000NaN,2011-40-2,面,,增减挂钩项目,建设用地,@
1,1,3335500.261,38582031.508
2,1,3335500.39,38582031.502
3,1,3335510.887,38582216.543
4,1,3335498.058,38582216.663
5,1,3335495.411,38582216.367
6,1,3335491.704,38582216.063
7,1,3335470.595,38582215.763
8,1,3335469.986,38582215.803
9,1,3335455.887,38582216.784
10,1,3335453.177,38582217.903
11,1,3335436.892,38582222.323
12,1,3335432.148,38582224.813
13,1,3335421.515,38582227.926
14,1,3335421.359,38582228.023
15,1,3335415.154,38582230.52
16,1,3335414.85,38582216.732
17,1,3335414.713,38582210.482
18,1,3335408.45,38582190.685
19,1,3335398.122,38582166.774
20,1,3335393.794,38582162.007
21,1,3335390.809,38582158.713
22,1,3335388.788,38582147.093
23,1,3335388.586,38582123.563
24,1,3335389.855,38582100.873
25,1,3335392.255,38582100.213
26,1,3335392.43,38582084.894
27,1,3335392.612,38582083.564
28,1,3335397.314,38582075.732
29,1,3335415.281,38582083.711
30,1,3335424.851,38582079.203
31,1,3335429.703,38582076.865
32,1,3335439.464,38582069.98
33,1,3335457.041,38582063.495
34,1,3335463.964,38582060.942
35,1,3335463.582,38582058.752
36,1,3335463.91,38582055.842
37,1,3335463.91,38582056.842
38,1,3335467.208,38582047.532
39,1,3335468.236,38582042.802
40,1,3335473.722,38582040.932
41,1,3335479.038,38582036.752
42,1,3335484.988,38582032.97
43,1,3335488.326,38582032.153
44,1,3335500.261,38582031.508
37,20.913,0000NaN,2014-9-1,面,,增减挂钩项目,建设用地,@
1,1,3314422.816,38581812.986
2,1,3314392.024,38581793.82
3,1,3314397.6,38581786.077
4,1,3314405.669,38581773.921
5,1,3314412.852,38581766.137
6,1,3314420.789,38581753.692
7,1,3314426.828,38581756.946
8,1,3314437.766,38581765.865
9,1,3314460.603,38581776.264
10,1,3314475.842,38581785.541
11,1,3314488.576,38581793.805
12,1,3314501.091,38581800.567
13,1,3314507.081,38581803.309
14,1,3314510.733,38581805.585
15,1,3314513.013,38581806.374
16,1,3314519.406,38581810.752
17,1,3314528.168,38581812.656
18,1,3314537.794,38581811.148
19,1,3314538.164,38581811.231
20,1,3314547.822,38581814.868
21,1,3314570.722,38581822.887
22,1,3314589.546,38581827.617
23,1,3314609.899,38581831.567
24,1,3314637.262,38581834.719
25,1,3314668.156,38581838.077
26,1,3314675.891,38581839.561
27,1,3314678.66,38581839.925
28,1,3314673.434,38581886.449
29,1,3314671.694,38581887.496
30,1,3314666.089,38581885.078
31,1,3314625.327,38581882.893
32,1,3314587.415,38581875.937
33,1,3314539.359,38581864.308
34,1,3314514.048,38581856.223
35,1,3314503.224,38581852.766
36,1,3314484.5,38581847.059
37,1,3314422.816,38581812.986
13,20.013,0000NaN,2011-40-3,面,,增减挂钩项目,建设用地,@
1,1,3336788.172,38578835.282
2,1,3336803.474,38578849.822
3,1,3336803.452,38579023.002
4,1,3336797.452,38579023.012
5,1,3336785.452,38579023.012
6,1,3336774.546,38579036.202
7,1,3336775.346,38579052.643
8,1,3336745.452,38579060.083
9,1,3336745.452,38579046.322
10,1,3336734.563,38579046.272
11,1,3336732.48,38579046.232
12,1,3336732.48,38578876.782
13,1,3336788.172,38578835.282
32,87.7005,0000NaN,2011-18-1,面,,增减挂钩项目,建设用地,@
1,1,3339000.238,38568890.809
2,1,3339044.151,38568868.689
3,1,3339075.17,38568932.239
4,1,3339058.274,38568937.719
5,1,3339007.132,38568957.119
6,1,3339014.452,38568982.149
7,1,3339023.135,38569011.939
8,1,3339028.751,38569031.209
9,1,3339032.557,38569040.469
10,1,3339062.7,38569113.79
11,1,3339079.015,38569158.2
12,1,3339109.832,38569237.96
13,1,3339153.364,38569354.93
14,1,3339249.768,38569613.961
15,1,3339191.669,38569630.101
16,1,3339154.156,38569620.141
17,1,3339159.282,38569587.431
18,1,3339155.886,38569577.661
19,1,3339139.882,38569573.931
20,1,3339158.465,38569548.681
21,1,3339138.299,38569545.711
22,1,3339153.274,38569503.381
23,1,3339143.835,38569454.841
24,1,3339140.005,38569444.711
25,1,3339106.2,38569455.031
26,1,3339106.531,38569425.741
27,1,3339074.141,38569411.111
28,1,3339068.828,38569364.35
29,1,3339050.444,38569356.38
30,1,3338950.791,38568975.829
31,1,3338980.767,38568911.279
32,1,3339000.238,38568890.809
13,106.5225,0000NaN,2011-18-2,面,,增减挂钩项目,建设用地,@
1,1,3339331.256,38568858.789
2,1,3339339.298,38568856.159
3,1,3339378.926,38568907.489
4,1,3339432.544,38568938.489
5,1,3339546.893,38568957.819
6,1,3339704.52,38569057.949
7,1,3339585.782,38569291.59
8,1,3339481.251,38569257.05
9,1,3339426.478,38569093.73
10,1,3339403.841,38569034.079
11,1,3339376.121,38568961.039
12,1,3339376.012,38568960.789
13,1,3339331.256,38568858.789
16,12.861,0000NaN,2014-10,面,,增减挂钩项目,建设用地,@
1,1,3321836.97,38561554.065
2,1,3321837.51,38561467.077
3,1,3321791.584,38561467.077
4,1,3321787.516,38561469.419
5,1,3321785.683,38561566.781
6,1,3321727.697,38561566.79
7,1,3321727.697,38561456.789
8,1,3321786.506,38561456.626
9,1,3321805.591,38561453.446
10,1,3321824.687,38561450.756
11,1,3321843.139,38561448.838
12,1,3321845.985,38561451.94
13,1,3321848.897,38561450.531
14,1,3321848.897,38561566.79
15,1,3321838.532,38561566.812
16,1,3321836.97,38561554.065
11,92.4525,0000NaN,2011-32,面,,增减挂钩项目,建设用地,@
1,1,3328545.279,38583584.537
2,1,3328547.71,38583752.928
3,1,3328619.441,38583758.538
4,1,3328655.782,38583718.478
5,1,3328670.062,38583746.498
6,1,3328735.119,38583840.318
7,1,3328687.589,38583854.718
8,1,3328524.055,38583855.018
9,1,3328375.588,38583855.118
10,1,3328389.887,38583578.897
11,1,3328545.279,38583584.537
8,18.93,0000NaN,2011-37,面,,增减挂钩项目,建设用地,@
1,1,3327457.335,38594238.023
2,1,3327500.515,38594267.103
3,1,3327439.536,38594317.283
4,1,3327410.056,38594292.443
5,1,3327358.611,38594252.833
6,1,3327310.359,38594214.503
7,1,3327350.999,38594157.382
8,1,3327457.335,38594238.023
23,25.395,0000NaN,2014-9-2,面,,增减挂钩项目,建设用地,@
1,1,3314474.517,38581676.404
2,1,3314475.797,38581677.035
3,1,3314482.905,38581680.539
4,1,3314567.11,38581722.052
5,1,3314621.542,38581730.513
6,1,3314649.082,38581734.794
7,1,3314649.055,38581734.928
8,1,3314638.964,38581783.802
9,1,3314630.934,38581822.696
10,1,3314617.816,38581820.665
11,1,3314585.585,38581815.299
12,1,3314563.285,38581810.309
13,1,3314545.29,38581804.76
14,1,3314527.381,38581797.357
15,1,3314510.498,38581788.697
16,1,3314502.18,38581783.923
17,1,3314472.597,38581766.647
18,1,3314439.614,38581748.066
19,1,3314449.228,38581730.928
20,1,3314451.512,38581726.202
21,1,3314454.357,38581709.112
22,1,3314467.151,38581684.21
23,1,3314474.517,38581676.404
